107.98 100.77 19.61
131.02 56.59 19.15
116.48 71.89 19.01
131.78 66.42 20.00
68.14 141.07 19.87
100.13 70.79 18.91
114.55 122.42 19.22
112.83 51.80 19.71
95.17 54.25 19.25
83.07 95.19 19.15
55.71 142.37 19.84
82.22 142.23 19.78
127.15 144.66 19.54
109.03 116.43 19.82
67.09 139.48 19.82
146.97 70.18 17.80
103.25 87.39 19.67
137.69 75.30 19.94
121.79 70.50 18.61
119.33 117.66 19.45
94.56 146.15 19.82
144.23 137.26 16.01
70.34 68.10 19.25
105.00 108.13 19.35
115.81 136.24 18.26
101.10 66.06 19.75
66.15 89.66 15.25
129.76 112.21 17.64
71.50 80.63 19.54
92.44 100.74 19.37
125.08 100.90 19.05
107.90 121.48 19.44
66.21 76.66 19.68
71.20 54.22 16.14
78.75 100.57 17.88
124.53 117.35 16.94
148.70 95.35 19.79
143.58 57.61 17.85
134.32 124.44 19.09
95.81 108.62 19.30
51.09 100.30 19.97
98.05 96.82 19.53
50.32 96.42 19.48
114.06 140.57 19.97
110.22 96.69 19.05
81.53 89.76 19.86
92.24 55.62 19.44
91.34 125.48 18.21
