 0.05 58.56 18.74
80.49 90.62 18.83
26.69 26.27 18.89
32.70 75.81 17.74
67.43 36.50 19.98
 6.26 53.04 19.30
44.81 49.04 19.92
 9.54 59.82 19.69
98.72  2.13 17.59
 7.86 35.32 19.24
37.20 91.54 19.16
56.59 50.12 17.93
 4.11 48.02 19.28
84.66 27.21 18.78
 4.89 61.23 19.89
43.00 66.68 18.63
81.88 15.93 19.80
42.67 52.75 17.44
82.56 77.24 19.98
 5.67 61.39 16.71
61.72 58.35 19.55
16.38 23.50 16.00
63.35 57.43 19.87
46.83 65.53 19.54
56.96 28.11 17.01
92.81 13.91 19.19
81.44 36.76 18.81
40.40 24.88 19.31
11.92 19.24 19.63
40.79 76.44 19.55
51.63 51.24 19.00
50.83 54.31 19.91
56.08 25.59 18.60
52.02 54.99 19.80
26.95 75.64 18.73
65.79 62.37 19.03
76.67 88.44 19.72
56.41 68.07 19.91
57.21  7.28 18.74
43.18 83.87 20.00
40.08 29.68 19.13
47.10 33.35 19.80
64.11 39.47 19.88
 5.67 67.31 19.25
39.89 77.36 19.21
56.79 85.81 19.16
70.38 23.33 19.78
53.66  2.55 19.99
82.36 27.73 19.71
84.54 59.86 17.91
63.97 91.03 19.79
79.96 14.35 19.61
82.54 87.98 19.86
78.19 81.10 19.04
 5.46 92.46 18.41
